2.620500856609750539e+06 3.723676164352177177e+06 2.794364834718246013e+06 3.306932187263942324e+06 2.554924696458055638e+06 3.399591711548615247e+06 2.950223461266495287e+06 3.394716914080303162e+06 2.715856686685130000e+06 3.794217725009010173e+06
3.723676164352177177e+06 3.950675838394292165e+06 3.699977441638037562e+06 4.039272748423176818e+06 3.450548731283722445e+06 4.211171579424398020e+06 3.685206094695429318e+06 4.230299903016906232e+06 3.489124696215937845e+06 4.134929672043253668e+06
2.794364834718246013e+06 3.699977441638037562e+06 2.447697747592207510e+06 2.939377193848120980e+06 2.423654439244469628e+06 2.967087937269256450e+06 2.685785015512085520e+06 3.199991234526507556e+06 2.813363066557766870e+06 3.634776160078974441e+06
3.306932187263942324e+06 4.039272748423176818e+06 2.939377193848120980e+06 3.116478889278504066e+06 2.889582694418288767e+06 3.262797940184004605e+06 3.028699651348160580e+06 3.546316023965575732e+06 3.202341115376431495e+06 3.897343645706399344e+06
2.554924696458055638e+06 3.450548731283722445e+06 2.423654439244469628e+06 2.889582694418288767e+06 2.180391158451235853e+06 2.954957757889128290e+06 2.553876890909518115e+06 3.041230455023795366e+06 2.543499948646751232e+06 3.441359273492217995e+06
3.399591711548615247e+06 4.211171579424398020e+06 2.967087937269256450e+06 3.262797940184004605e+06 2.954957757889128290e+06 3.231113376856046263e+06 3.100440802443903405e+06 3.610864829330255277e+06 3.386716833802262321e+06 4.075472044262410142e+06
2.950223461266495287e+06 3.685206094695429318e+06 2.685785015512085520e+06 3.028699651348160580e+06 2.553876890909518115e+06 3.100440802443903405e+06 2.630244065887257457e+06 3.341394663343604654e+06 2.873799298699072562e+06 3.648283050454886630e+06
3.394716914080303162e+06 4.230299903016906232e+06 3.199991234526507556e+06 3.546316023965575732e+06 3.041230455023795366e+06 3.610864829330255277e+06 3.341394663343604654e+06 3.441091289920483716e+06 3.386205738341265358e+06 4.139677459687737282e+06
2.715856686685130000e+06 3.489124696215937845e+06 2.813363066557766870e+06 3.202341115376431495e+06 2.543499948646751232e+06 3.386716833802262321e+06 2.873799298699072562e+06 3.386205738341265358e+06 2.440634943571513053e+06 3.541624411179191433e+06
3.794217725009010173e+06 4.134929672043253668e+06 3.634776160078974441e+06 3.897343645706399344e+06 3.441359273492217995e+06 4.075472044262410142e+06 3.648283050454886630e+06 4.139677459687737282e+06 3.541624411179191433e+06 4.021093957865137607e+06
